100
9999163
8460583
4046177
6537523
5331653
2610613
4170220
9999973
9999996
2896297
2295773
9325574
3023326
8
9999930
9987391
4461641
9999161
9
4936439
7
9999971
592432
3855409
6704676
8184167
9971849
3877633
13
6735763
9999998
4572049
1221469
8603593
6463741
86293
6
1403870
1264969
9682616
7783893
983469
3323191
7551991
7203246
5103067
2872729
4
9999929
1862603
615403
1750607
3949061
140839
4125389
2360890
10
1281246
3929879
3702389
3910981
3
9999991
9516811
4461643
8248729
6697461
6865010
9999162
6716541
8291470
3410821
928009
10000000
5388168
9999997
1
1144
9999995
11
3191803
390548
5462959
9999931
4751053
8763892
9999999
2
8697851
3132736
1481717
8873129
1507483
4461642
12
9309119
9999972
2044523
5
6513281
